ga	98	582	1	1	0	0	40s	100	1	26219
ga	104	606	1	1	0	0	40s	100	1	26219
ga	94	629	1	1	0	0	40s	100	1	26219
ga	89	665	1	1	0	0	40s	100	1	26219
ga	102	648	1	1	0	0	40s	100	1	26219
ga	104	671	1	1	0	0	40s	100	1	26219
ga	115	686	1	1	0	0	40s	100	1	26219
ga	134	677	1	1	0	0	40s	100	1	26219
ga	234	262	1	1	0	0	40s	100	1	26219
ga	238	690	1	1	0	0	40s	100	1	26219
ga	236	724	1	1	0	0	40s	100	1	26219
ga	326	724	1	1	0	0	40s	100	1	26219
ga	324	696	1	1	0	0	40s	100	1	26219
ga	348	690	1	1	0	0	40s	100	1	26219
ga	372	686	1	1	0	0	40s	100	1	26219
ga	416	686	1	1	0	0	40s	100	1	26219
ga	446	680	1	1	0	0	40s	100	1	26219
ga	449	648	1	1	0	0	40s	100	1	26219
ga	285	514	1	1	0	0	40s	100	1	26219
ga	321	521	1	1	0	0	40s	100	1	26219
ga	351	512	1	1	0	0	40s	100	1	26219
ga	358	458	1	1	0	0	40s	100	1	26219
ga	382	518	1	1	0	0	40s	100	1	26219
ga	420	520	1	1	0	0	40s	100	1	26219
ga	446	514	1	1	0	0	40s	100	1	26219
ga	580	478	1	1	0	0	40s	100	1	26219
ga	602	487	1	1	0	0	40s	100	1	26219
ga	666	522	1	1	0	0	40s	100	1	26219
ga	666	559	1	1	0	0	40s	100	1	26219
ga	607	571	1	1	0	0	40s	100	1	26219
ga	601	596	1	1	0	0	40s	100	1	26219
ga	672	262	1	1	0	0	40s	100	1	26219
ga	822	651	1	1	0	0	40s	100	1	26219
ga	854	658	1	1	0	0	40s	100	1	26219
ga	860	686	1	1	0	0	40s	100	1	26219
ga	859	801	1	1	0	0	40s	100	1	26219
ga	858	758	1	1	0	0	40s	100	1	26219
ga	916	744	1	1	0	0	40s	100	1	26219
ga	912	804	1	1	0	0	40s	100	1	26219
ga	801	806	1	1	0	0	40s	100	1	26219
ga	804	744	1	1	0	0	40s	100	1	26219
ga	1066	798	1	1	0	0	40s	100	1	26219
ga	1066	750	1	1	0	0	40s	100	1	26219
ga	1124	744	1	1	0	0	40s	100	1	26219
ga	1128	799	1	1	0	0	40s	100	1	26219
ga	1179	801	1	1	0	0	40s	100	1	26219
ga	1134	660	1	1	0	0	40s	100	1	26219
ga	1092	660	1	1	0	0	40s	100	1	26219
ga	1196	506	1	1	0	0	40s	100	1	26219
ga	1198	542	1	1	0	0	40s	100	1	26219
ga	564	772	1	1	0	0	40s	100	1	26219
ga	634	776	1	1	0	0	40s	100	1	26219
ga	94	604	1	1	0	0	40s	100	1	26220
ga	94	639	1	1	0	0	40s	100	1	26220
ga	99	663	1	1	0	0	40s	100	1	26220
ga	98	684	1	1	0	0	40s	100	1	26220
ga	124	674	1	1	0	0	40s	100	1	26220
ga	238	679	1	1	0	0	40s	100	1	26220
ga	322	714	1	1	0	0	40s	100	1	26220
ga	336	682	1	1	0	0	40s	100	1	26220
ga	394	687	1	1	0	0	40s	100	1	26220
ga	446	666	1	1	0	0	40s	100	1	26220
ga	590	770	1	1	0	0	40s	100	1	26220
ga	659	770	1	1	0	0	40s	100	1	26220
ga	630	825	1	1	0	0	40s	100	1	26220
ga	608	633	1	1	0	0	40s	100	1	26220
ga	646	575	1	1	0	0	40s	100	1	26220
ga	664	612	1	1	0	0	40s	100	1	26220
ga	608	522	1	1	0	0	40s	100	1	26220
ga	550	572	1	1	0	0	40s	100	1	26220
ga	718	570	1	1	0	0	40s	100	1	26220
ga	686	580	1	1	0	0	40s	100	1	26220
ga	944	606	1	1	0	0	40s	100	1	26220
ga	947	510	1	1	0	0	40s	100	1	26220
ga	1018	744	1	1	0	0	40s	100	1	26220
ga	1076	741	1	1	0	0	40s	100	1	26220
ga	1160	800	1	1	0	0	40s	100	1	26220
ga	1134	850	1	1	0	0	40s	100	1	26220
ga	1193	565	1	1	0	0	40s	100	1	26220
ga	1080	664	1	1	0	0	40s	100	1	26220
ga	628	798	1	1	0	0	40s	100	1	26220
ga	688	772	1	1	0	0	40s	100	1	26220
ga	236	710	1	1	0	0	40s	100	1	26221
ga	314	680	1	1	0	0	40s	100	1	26221
ga	402	696	1	1	0	0	40s	100	1	26221
ga	442	690	1	1	0	0	40s	100	1	26221
ga	574	573	1	1	0	0	40s	100	1	26221
ga	626	573	1	1	0	0	40s	100	1	26221
ga	672	639	1	1	0	0	40s	100	1	26221
ga	610	621	1	1	0	0	40s	100	1	26221
ga	604	503	1	1	0	0	40s	100	1	26221
ga	670	504	1	1	0	0	40s	100	1	26221
ga	615	772	1	1	0	0	40s	100	1	26221
ga	629	837	1	1	0	0	40s	100	1	26221
ga	663	780	1	1	0	0	40s	100	1	26221
ga	824	744	1	1	0	0	40s	100	1	26221
ga	852	740	1	1	0	0	40s	100	1	26221
ga	862	675	1	1	0	0	40s	100	1	26221
ga	856	783	1	1	0	0	40s	100	1	26221
ga	821	806	1	1	0	0	40s	100	1	26221
ga	886	802	1	1	0	0	40s	100	1	26221
ga	1004	740	1	1	0	0	40s	100	1	26221
ga	1048	742	1	1	0	0	40s	100	1	26221
ga	1072	784	1	1	0	0	40s	100	1	26221
ga	1125	778	1	1	0	0	40s	100	1	26221
ga	1124	842	1	1	0	0	40s	100	1	26221
ga	1005	558	1	1	0	0	40s	100	1	26221
ga	957	556	1	1	0	0	40s	100	1	26221
ga	1125	822	1	1	0	0	40s	100	1	26222
ga	1140	740	1	1	0	0	40s	100	1	26222
ga	1074	764	1	1	0	0	40s	100	1	26222
ga	1130	870	1	1	0	0	40s	100	1	26222
ga	1196	801	1	1	0	0	40s	100	1	26222
ga	1184	744	1	1	0	0	40s	100	1	26222
ga	1113	663	1	1	0	0	40s	100	1	26222
ga	1190	528	1	1	0	0	40s	100	1	26222
ga	944	542	1	1	0	0	40s	100	1	26221
ga	946	624	1	1	0	0	40s	100	1	26221
ga	983	559	1	1	0	0	40s	100	1	26221
ga	944	574	1	1	0	0	40s	100	1	26222
ga	946	524	1	1	0	0	40s	100	1	26222
ga	947	590	1	1	0	0	40s	100	1	26219
ga	945	495	1	1	0	0	40s	100	1	26219
ga	840	652	1	1	0	0	40s	100	1	26221
ga	858	714	1	1	0	0	40s	100	1	26221
ga	862	262	1	1	0	0	40s	100	1	26222
ga	879	744	1	1	0	0	40s	100	1	26222
ga	902	742	1	1	0	0	40s	100	1	26222
ga	926	806	1	1	0	0	40s	100	1	26222
ga	836	802	1	1	0	0	40s	100	1	26222
ga	864	744	1	1	0	0	40s	100	1	26221
ga	873	806	1	1	0	0	40s	100	1	26221
ga	630	766	1	1	0	0	40s	100	1	26222
ga	634	814	1	1	0	0	40s	100	1	26222
ga	582	764	1	1	0	0	40s	100	1	26222
ga	676	766	1	1	0	0	40s	100	1	26222
ga	612	588	1	1	0	0	40s	100	1	26222
ga	590	574	1	1	0	0	40s	100	1	26222
ga	610	552	1	1	0	0	40s	100	1	26222
ga	672	575	1	1	0	0	40s	100	1	26222
ga	676	538	1	1	0	0	40s	100	1	26222
ga	676	559	1	1	0	0	40s	100	1	26221
ga	673	598	1	1	0	0	40s	100	1	26221
ga	709	570	1	1	0	0	40s	100	1	26221
ga	428	686	1	1	0	0	40s	100	1	26221
ga	336	692	1	1	0	0	40s	100	1	26222
ga	432	680	1	1	0	0	40s	100	1	26222
ga	455	658	1	1	0	0	40s	100	1	26222
ga	362	492	1	1	0	0	40s	100	1	26222
ga	449	486	1	1	0	0	40s	100	1	26222
ga	399	522	1	1	0	0	40s	100	1	26222
ga	308	516	1	1	0	0	40s	100	1	26221
ga	359	520	1	1	0	0	40s	100	1	26221
ga	452	500	1	1	0	0	40s	100	1	26221
ga	340	520	1	1	0	0	40s	100	1	26219
ga	404	513	1	1	0	0	40s	100	1	26219
ga	436	520	1	1	0	0	40s	100	1	26219
ga	352	475	1	1	0	0	40s	100	1	26219
ga	1026	128	1	1	0	0	40s	100	1	26221
ga	1037	148	1	1	0	0	40s	100	1	26221
ga	1036	169	1	1	0	0	40s	100	1	26221
ga	1029	191	1	1	0	0	40s	100	1	26221
ga	1036	210	1	1	0	0	40s	100	1	26221
ga	1042	130	1	1	0	0	40s	100	1	26221
ga	1026	150	1	1	0	0	40s	100	1	26222
ga	1024	169	1	1	0	0	40s	100	1	26222
ga	1038	185	1	1	0	0	40s	100	1	26222
ga	1042	156	1	1	0	0	40s	100	1	26222
ga	1034	132	1	1	0	0	40s	100	1	26222
ga	1024	204	1	1	0	0	40s	100	1	26222
ga	1042	218	1	1	0	0	40s	100	1	26222
ga	1042	196	1	1	0	0	40s	100	1	26222
ga	1036	123	1	1	0	0	40s	100	1	26223
ga	1030	142	1	1	0	0	40s	100	1	26223
ga	1033	160	1	1	0	0	40s	100	1	26223
ga	1025	180	1	1	0	0	40s	100	1	26223
ga	1038	176	1	1	0	0	40s	100	1	26223
ga	1036	200	1	1	0	0	40s	100	1	26223
ga	1028	212	1	1	0	0	40s	100	1	26223
ga	1042	173	1	1	0	0	40s	100	1	26223
ga	1044	140	1	1	0	0	40s	100	1	26223
