Group	metin1
{
	type	drop
	Mob	8424
	List Items
	{
		500370	1	5
		71107	1	5
		771107	1	5
		8010	1	400
		8010	1	220
		8010	1	220
		8020	1	400
		8020	1	400
		8020	1	220
		8044	2	400
		8044	3	400
	}
}

Group	metin2
{
	type	drop
	Mob	8407
	List Items
	{
		500370	1	5
		71107	1	5
		771107	1	5
		8012	2	400
		8012	3	400
		8022	2	400
		8022	3	400
		8045	2	400
		8045	3	400
		
		8010	3	400
		8020	3	400
		8044	3	400
	}
}

Group	metin3
{
	type	drop
	Mob	8421
	List Items
	{
		500370	1	5
		71107	1	5
		771107	1	5
		8014	2	400
		8014	3	400

		8024	2	400
		8024	3	400

		8046	2	400
		8046	3	400
		
		8010	3	400

		8020	3	400

		8044	3	400

		
		8012	1	400
		8012	2	100
		8022	1	400
		8022	2	100
		8045	1	400
		8045	2	100
	}
}

Group	metin4
{
	type	drop
	Mob	8433
	List Items
	{
		500370	1	5
		71107	1	5
		771107	1	5
		8016	2	400
		8016	3	400

		8026	2	400
		8026	3	400

		8047	2	400
		8047	3	400

		
		8010	1	400
		8010	2	100
		8020	1	400
		8020	2	100
		8044	1	400
		8044	2	100
		
		8012	1	400
		8012	2	100
		8022	1	400
		8022	2	100
		8045	1	400
		8045	2	100
		
		8014	1	400
		8014	2	100
		8024	1	400
		8024	2	100
		8046	1	400
		8046	2	100
	}
}

Group	metin5
{
	type	drop
	Mob	8406
	List Items
	{
		50569	1	5
		500370	1	5
		50259	1	12
		71107	1	5
		771107	1	5
		8018	2	400
		8018	3	400

		8028	2	400
		8028	3	400

		8048	2	400
		8048	3	400

		8010	1	400
		8010	2	100
		8020	1	400
		8020	2	100
		8044	1	400
		8044	2	100
		
		8012	1	400
		8012	2	100
		8022	1	400
		8022	2	100
		8045	1	400
		8045	2	100
		
		8014	1	400
		8014	2	100
		8024	1	400
		8024	2	100

		8046	1	400
		8046	2	100
		
		8016	1	400
		8016	2	100
		8026	1	400
		8026	2	100
		8047	1	400
		8047	2	100
		
		342013	1	1
		342013	1	1
	}
}

Group	metin6
{
	type	drop
	Mob	8302
	List Items
	{
		50575	1	2
		500370	1	5
		71107	1	5
		771107	1	5
		9562	2	400
		9562	3	400
		8030	2	400
		8030	3	400
		
		8010	1	400
		8010	2	100

		8020	1	400
		8020	2	100

		8044	1	400
		8044	2	100

		
		8012	1	400
		8012	2	100

		8022	1	400
		8022	2	100

		8045	1	400
		8045	2	100

		
		8014	1	400
		8014	2	100

		8024	1	400
		8024	2	100

		8046	1	400
		8046	2	100

		
		8016	1	400
		8016	2	100

		8026	1	400
		8026	2	100

		8047	1	400
		8047	2	100

		
		8018	1	400
		8018	2	100

		8028	1	400
		8028	2	100

		8048	1	400
		8048	2	100

		
		342013	1	2
		342013	1	2
		342013	1	2
	}
}

Group	animefarmmapmetin
{
	type	drop
	Mob	8310
	List Items
	{
		241149	1	400
		241149	1	400
		241149	1	400
		241149	1	100
		241149	1	100
		241149	1	50
		241149	1	50
		241149	1	20
		241149	1	10
		241149	1	5
		50575	1	1
		500370	1	2.5
		71107	1	2.5
		771107	1	2.5
		9562	1	400
		9562	2	400
		8030	1	400
		8030	2	400
		
		8010	1	100
		8010	1	100

		8020	1	100
		8020	1	100

		8044	1	100
		8044	1	100

		
		8012	1	100
		8012	1	100

		8022	1	400
		8022	1	100

		8045	1	100
		8045	1	100

		
		8014	1	100
		8014	1	100

		8024	1	100
		8024	1	100

		8046	1	100
		8046	1	100

		8016	1	100
		8016	1	100

		8026	1	100
		8026	1	100

		8047	1	100
		8047	1	100

		8018	1	100
		8018	1	100

		8028	1	100
		8028	1	100

		8048	1	100
		8048	1	100

		
		342013	1	1
		342013	1	1
		342013	1	1
	}
}



Group	boss1
{
	type	drop
	Mob	689
	List Items
	{
		500370	1	5
		71107	1	5
		771107	1	5
		8010	1	400
		8010	1	220
		8010	1	220
		8020	1	400
		8020	1	220
		8020	1	220
		8044	10	400
		8044	10	400
		233764	1	400
		233741	1	400
		233650	1	400
	}
}

Group	boss2
{
	type	drop
	Mob	879
	List Items
	{
		500370	1	5
		71107	1	5
		771107	1	5
		8012	12	400
		8012	13	400
		8022	12	400
		8022	13	400
		8045	12	400
		8045	13	400
		233770	1	400
		233747	1	400
		233653	1	400
	}
}

Group	boss3
{
	type	drop
	Mob	964
	List Items
	{
		500370	1	5
		71107	1	5
		771107	1	5
		8014	15	400
		8014	15	400

		8024	15	400
		8024	15	400

		8046	15	400
		8046	15	400

		233755	1	400
		233780	1	400
		234650	1	400
	}
}

Group	boss4
{
	type	drop
	Mob	470
	List Items
	{
		500370	1	5
		71107	1	5
		771107	1	5
		8016	17	400
		8016	18	400

		8026	17	400
		8026	18	400

		8047	17	400
		8047	18	400

		233769	1	400
		233781	1	400
		233666	1	400
		342020	1	5
	}
}

Group	boss5
{
	type	drop
	Mob	471
	List Items
	{
		500370	1	5
		71107	1	5
		771107	1	5
		8018	20	400
		8018	20	400

		8028	20	400
		8028	20	400

		8048	20	400
		8048	20	400

		233754	1	400
		233782	1	400
		233651	1	400
		342021	1	3
	}
}

Group	boss6
{
	type	drop
	Mob	949
	List Items
	{
		500370	1	5
		71107	1	5
		771107	1	5
		9562	22	400
		9562	23	400

		8030	22	400
		8030	23	400

		233776	1	400
		233748	1	400
		233652	1	400
		342022	1	2
	}
}

Group	animefarmmapboss
{
	type	drop
	Mob	2830
	List Items
	{
		241149	10	400
		241149	10	400
		241149	10	400
		241149	10	100
		241149	10	100
		241149	10	50
		241149	10	50
		241149	10	20
		241149	10	10
		241149	10	5
		500370	1	2.5
		71107	1	2.5
		771107	1	2.5
		9562	11	400
		9562	12	400

		8030	11	400
		8030	12	400

		233776	1	400
		233748	1	400
		233652	1	400
		342022	1	1
	}
}

Group	run1
{
	type	drop
	Mob	719
	List Items
	{
		85002	1	20
		56022	1	20
		55973	1	20
		8910	1	20
		8980	1	20
		72800	1	20
		18080	1	20
		18010	1	20
		500370	1	75
		500470	1	15
		71107	2	25
		771107	2	25
		8010	18	400
		8020	18	400

		8044	18	400

		8011	2	400
		8011	3	400

		8021	2	400
		8021	3	400

		8971	20	400
		9579	1	400
	}
}

Group	animerun1
{
	type	drop
	Mob	768
	List Items
	{
		85002	1	20
		56022	1	20
		55973	1	20
		8910	1	20
		8980	1	20
		72800	1	20
		18080	1	20
		18010	1	20
		500370	1	75
		500470	1	15
		71107	2	25
		771107	2	25
		8010	18	400
		8020	18	400

		8044	18	400

		8011	2	400
		8011	3	400

		8021	2	400
		8021	3	400

		8971	20	400
		241156	2	400
	}
}

Group	run2
{
	type	drop
	Mob	472
	List Items
	{
		56020	1	16
		55969	1	16
		8890	1	16
		8990	1	16
		72810	1	16
		500370	1	75
		500470	1	17
		71107	3	25
		771107	3	25
		8012	30	400

		8022	30	400

		8045	30	400

		8013	4	400
		8013	4	400

		8023	4	400
		8023	4	400

		9631	1	400
		
		8011	1	400
		8011	2	100

		
		8021	1	400
		8021	2	100
	}
}

Group	run3
{
	type	drop
	Mob	676
	List Items
	{
		55981	1	12
		55937	1	12
		8940	1	12
		9510	1	12
		72820	1	12
		500370	1	75
		500470	1	20
		71107	3	25
		771107	3	25
		8014	42	400

		8024	42	400

		8046	42	400

		8015	5	400
		8015	5	400

		8025	5	400
		8025	5	400

		9632	1	400
		
		8011	1	400
		8011	2	100

		
		8021	1	400
		8021	2	100

		
		8013	2	400
		8013	2	100

		
		8023	2	400
		8023	2	100
	}
}

Group	run4
{
	type	drop
	Mob	880
	List Items
	{
		55934	1	8
		55976	1	8
		8920	1	8
		9520	1	8
		72830	1	8
		500370	1	75
		500470	1	23
		71107	3	25
		771107	3	25
		8016	54	400

		8026	54	400

		8047	54	400

		8017	6	400
		8017	6	400

		8027	6	400
		8027	6	400

		9634	1	400
		
		8011	1	400
		8011	2	100

		
		8021	1	400
		8021	2	100

		
		8013	2	400
		8013	2	100

		
		8023	2	400
		8023	2	100

		
		8015	3	400
		8015	2	100

		
		8025	3	400
		8025	2	100
	}
}

Group	animerun2
{
	type	drop
	Mob	1768
	List Items
	{
		55934	1	8
		55976	1	8
		8920	1	8
		9520	1	8
		72830	1	8
		500370	1	75
		500470	1	23
		71107	3	25
		771107	3	25
		8016	54	400

		8026	54	400

		8047	54	400

		8017	6	400
		8017	6	400

		8027	6	400
		8027	6	400
		
		8011	1	400
		8011	2	100

		
		8021	1	400
		8021	2	100

		
		8013	2	400
		8013	2	100

		
		8023	2	400
		8023	2	100

		
		8015	3	400
		8015	2	100

		
		8025	3	400
		8025	2	100
		241157	2	400
	}
}

Group	run5
{
	type	drop
	Mob	878
	List Items
	{
		71051	1	10
		9636	1	4
		55984	1	5
		55978	1	5
		8900	1	5
		9530	1	5
		72840	1	5
		9580	1	6
		100300	1	10
		71107	3	25
		771107	3	25
		500370	1	75
		500470	1	26
		8018	66	400

		8028	66	400

		8048	66	400

		8019	7	400
		8019	7	400

		8029	7	400
		8029	7	400

		9633	1	400
		50513	1	400
		50259	5	400
		
		8011	1	400
		8011	2	100

		
		8021	1	400
		8021	2	100

		
		8013	2	400
		8013	2	100

		
		8023	2	400
		8023	2	100

		
		8015	3	400
		8015	2	100

		
		8025	3	400
		8025	2	100

		
		8017	4	400
		8017	2	100

		
		8027	4	400
		8027	2	100
	}
}

Group	run6
{
	type	drop
	Mob	9263
	List Items
	{
		70064	1	4
		11520	1	0.6
		50621	1	4
		50631	1	4
		50639	1	4
		18900	1	4
		56050	1	3
		55994	1	3
		9540	1	3
		72850	1	3
		8930	1	3
		71107	3	25
		771107	3	25
		500370	1	75
		500470	1	30
		9562	78	400

		8030	78	400

		9563	8	400
		9563	8	400

		8031	8	400
		8031	8	400

		9635	1	400
		70063	1	400
		
		8011	1	400
		8011	2	100
		
		8021	1	400
		8021	2	100
		
		8013	2	400
		8013	2	100
		
		8023	2	400
		8023	2	100
		
		8015	3	400
		8015	2	100
		
		8025	3	400
		8025	2	100
		
		8017	4	400
		8017	2	100
		
		8027	4	400
		8027	2	100
		
		8019	5	400
		8019	2	100
		
		8029	5	400
		8029	2	100
		
		342012	1	100
		342012	1	100
		
		342012	1	22
		342012	1	11
		342012	1	11
		
		30851	1	6
		30852	1	5
		30853	1	4
	}
}

Group	animerun3
{
	type	drop
	Mob	2768
	List Items
	{
		70064	1	4
		11520	1	0.6
		50621	1	4
		50631	1	4
		50639	1	4
		18900	1	4
		56050	1	3
		55994	1	3
		9540	1	3
		72850	1	3
		8930	1	3
		71107	3	25
		771107	3	25
		500370	1	75
		500470	1	30
		9562	78	400

		8030	78	400

		9563	8	400
		9563	8	400

		8031	8	400
		8031	8	400

		70063	1	400
		
		8011	1	400
		8011	2	100
		
		8021	1	400
		8021	2	100
		
		8013	2	400
		8013	2	100
		
		8023	2	400
		8023	2	100
		
		8015	3	400
		8015	2	100
		
		8025	3	400
		8025	2	100
		
		8017	4	400
		8017	2	100
		
		8027	4	400
		8027	2	100
		
		8019	5	400
		8019	2	100
		
		8029	5	400
		8029	2	100
		
		342012	1	100
		342012	1	100
		
		342012	1	22
		342012	1	11
		342012	1	11
		
		30851	1	6
		30852	1	5
		30853	1	4
		241150	1	400
	}
}

Group	epicrun1
{
	type	drop
	Mob	7191
	List Items
	{
		500370	1	400
		500470	1	400
		71107	10	400
		771107	10	400
		8010	54	400

		8020	54	400

		8044	54	400

		8011	5	400
		8011	5	400

		8021	5	400
		8021	5	400

		8971	80	400
		9579	10	400
		253700	1	400
		253710	1	400
		253730	1	400
		253750	1	400
	}
}

Group	animerunepic1
{
	type	drop
	Mob	7681
	List Items
	{
		500370	1	400
		500470	1	400
		71107	10	400
		771107	10	400
		8010	54	400

		8020	54	400

		8044	54	400

		8011	5	400
		8011	5	400

		8021	5	400
		8021	5	400

		8971	80	400
		253700	1	400
		253710	1	400
		253730	1	400
		253750	1	400
		241156	10	400
	}
}

Group	epicrun2
{
	type	drop
	Mob	4721
	List Items
	{
		500370	1	400
		500470	1	400
		71107	10	400
		771107	10	400
		8012	90	400

		8022	90	400

		8045	90	400

		8013	8	400
		8013	8	400

		8023	8	400
		8023	8	400
		
		9631	10	400
		253700	1	400
		253710	1	400
		253730	1	400
		253750	1	400
		
		8011	1	400
		8011	1	100
		8011	1	100
		
		8021	1	400
		8021	1	100
		8021	1	100
	}
}

Group	epicrun3
{
	type	drop
	Mob	6761
	List Items
	{
		500370	1	400
		500470	1	400
		71107	10	400
		771107	10	400
		8014	126	400

		8024	126	400

		8046	126	400

		8015	10	400
		8015	10	400

		8025	10	400
		8025	10	400

		9632	10	400
		253700	2	400
		253710	2	400
		253730	2	400
		253750	2	400
		
		8011	1	400
		8011	2	100
		
		8021	1	400
		8021	2	100
		
		8013	2	400
		8013	2	100
		
		8023	2	400
		8023	2	100
	}
}

Group	epicrun4
{
	type	drop
	Mob	8801
	List Items
	{
		500370	1	400
		500470	1	400
		71107	10	400
		771107	10	400
		8016	144	400

		8026	144	400

		8047	144	400

		8017	12	400
		8017	12	400

		8027	12	400
		8027	12	400

		9634	10	400
		253700	2	400
		253710	2	400
		253730	2	400
		253750	2	400
		
		8011	1	400
		8011	2	100
		
		8021	1	400
		8021	2	100
		
		8013	2	400
		8013	2	100
		
		8023	2	400
		8023	2	100
		
		8015	3	400
		8015	2	100
		
		8025	3	400
		8025	2	100
	}
}

Group	animerunepic2
{
	type	drop
	Mob	17681
	List Items
	{
		500370	1	400
		500470	1	400
		71107	10	400
		771107	10	400
		8016	144	400

		8026	144	400

		8047	144	400

		8017	12	400
		8017	12	400

		8027	12	400
		8027	12	400

		253700	2	400
		253710	2	400
		253730	2	400
		253750	2	400
		
		8011	1	400
		8011	2	100
		
		8021	1	400
		8021	2	100
		
		8013	2	400
		8013	2	100
		
		8023	2	400
		8023	2	100
		
		8015	3	400
		8015	2	100
		
		8025	3	400
		8025	2	100
		241157	10	400
	}
}

Group	epicrun5
{
	type	drop
	Mob	8781
	List Items
	{
		71051	2	400
		100300	1	400
		71107	10	400
		771107	10	400
		500370	1	400
		500470	1	400
		8018	198	400

		8028	198	400

		8048	198	400

		8019	14	400
		8019	14	400

		8029	14	400
		8029	14	400

		9633	10	400
		50513	10	400
		50259	15	400
		253700	3	400
		253710	3	400
		253730	3	400
		253750	3	400
		
		8011	1	400
		8011	2	100
		
		8021	1	400
		8021	2	100
		
		8013	2	400
		8013	2	100
		
		8023	2	400
		8023	2	100
		
		8015	3	400
		8015	2	100
		
		8025	3	400
		8025	2	100
		
		8017	4	400
		8017	2	100
		
		8027	4	400
		8027	2	100
	}
}

Group	epicrun6
{
	type	drop
	Mob	9264
	List Items
	{
		71107	10	400
		771107	10	400
		500370	1	400
		500470	1	400
		9562	234	400

		8030	234	400

		9563	16	400
		9563	16	400

		8031	16	400
		8031	16	400

		9635	10	400
		70063	10	400
		253700	4	400
		253710	4	400
		253730	4	400
		253750	4	400
		70064	1	400
		
		8011	1	400
		8011	2	100

		
		8021	1	400
		8021	2	100

		
		8013	2	400
		8013	2	100

		
		8023	2	400
		8023	2	100

		
		8015	3	400
		8015	2	100

		
		8025	3	400
		8025	2	100

		
		8017	4	400
		8017	2	100

		
		8027	4	400
		8027	2	100

		
		8019	5	400
		8019	2	100

		
		8029	5	400
		8029	2	100

		
		342012	1	100
		342012	1	100
		
		342012	1	50
		342012	1	33
		342012	1	22
		30844	1	400
		30851	1	40
		30852	1	35
		30853	1	30
	}
}

Group	animerunepic3
{
	type	drop
	Mob	27681
	List Items
	{
		71107	10	400
		771107	10	400
		500370	1	400
		500470	1	400
		9562	234	400

		8030	234	400

		9563	16	400
		9563	16	400

		8031	16	400
		8031	16	400

		70063	10	400
		253700	4	400
		253710	4	400
		253730	4	400
		253750	4	400
		70064	1	400
		
		8011	1	400
		8011	2	100

		
		8021	1	400
		8021	2	100

		
		8013	2	400
		8013	2	100

		
		8023	2	400
		8023	2	100

		
		8015	3	400
		8015	2	100

		
		8025	3	400
		8025	2	100

		
		8017	4	400
		8017	2	100

		
		8027	4	400
		8027	2	100

		
		8019	5	400
		8019	2	100

		
		8029	5	400
		8029	2	100

		
		342012	1	100
		342012	1	100
		
		342012	1	50
		342012	1	33
		342012	1	22
		30844	1	400
		30851	1	40
		30852	1	35
		30853	1	30
		241150	5	400
	}
}

Group	worldboss1
{
	type	drop
	Mob	9430
	List Items
	{
		8010	100	400
		8010	100	400
		8010	100	400

		8011	15	400
		8011	15	400
		8011	15	400

		8012	100	400
		8012	100	400
		8012	100	400

		8013	15	400
		8013	15	400
		8013	15	400

		8014	100	400
		8014	100	400
		8014	100	400

		8015	15	400
		8015	15	400
		8015	15	400

		8016	100	400
		8016	100	400
		8016	100	400

		8017	15	400
		8017	15	400
		8017	15	400

		8018	100	400
		8018	100	400
		8018	100	400

		8019	15	400
		8019	15	400
		8019	15	400

		8020	100	400
		8020	100	400
		8020	100	400

		8021	15	400
		8021	15	400
		8021	15	400

		8022	100	400
		8022	100	400
		8022	100	400

		8023	15	400
		8023	15	400
		8023	15	400

		8024	100	400
		8024	100	400
		8024	100	400

		8025	15	400
		8025	15	400
		8025	15	400

		8026	100	400
		8026	100	400
		8026	100	400

		8027	15	400
		8027	15	400
		8027	15	400

		8028	100	400
		8028	100	400
		8028	100	400

		8029	15	400
		8029	15	400
		8029	15	400

		50513	1	400
		50513	1	400
		50513	1	400

		9636	1	400

		9580	1	400

		8032	1	50
		240000	1	50
		240001	1	45
		240002	1	40
		240003	1	35
		240004	1	30
		240005	1	25
		240006	1	50
		240007	1	45
		240008	1	40
		240009	1	35
		240010	1	30
		240011	1	25
		240012	1	50
		240013	1	45
		240014	1	40
		240015	1	35
		240016	1	30
		240017	1	25

		71084	1	400
		71084	1	400
		71084	1	400

		233650	1	400
		233653	1	400
		234650	1	400
		233666	1	400
		233651	1	400
		233652	1	400
		233741	1	400
		233747	1	400
		233780	1	400
		233781	1	400
		233782	1	400
		233748	1	400
		233764	1	400
		233770	1	400
		233755	1	400
		233769	1	400
		233754	1	400
		233776	1	400

		8044	100	400
		8044	100	400
		8044	100	400
		8045	100	400
		8045	100	400
		8045	100	400
		8046	100	400
		8046	100	400
		8046	100	400
		8047	100	400
		8047	100	400
		8047	100	400
		8048	100	400
		8048	100	400
		8048	100	400

		253703	1	50
		253713	1	50
		253733	1	50
		253753	1	50
		9800	1	400
	}
}

Group	worldboss2
{
	type	drop
	Mob	9431
	List Items
	{
		8010	100	400
		8010	100	400
		8010	100	400

		8011	15	400
		8011	15	400
		8011	15	400

		8012	100	400
		8012	100	400
		8012	100	400

		8013	15	400
		8013	15	400
		8013	15	400

		8014	100	400
		8014	100	400
		8014	100	400

		8015	15	400
		8015	15	400
		8015	15	400

		8016	100	400
		8016	100	400
		8016	100	400

		8017	15	400
		8017	15	400
		8017	15	400

		8018	100	400
		8018	100	400
		8018	100	400

		8019	15	400
		8019	15	400
		8019	15	400

		8020	100	400
		8020	100	400
		8020	100	400

		8021	15	400
		8021	15	400
		8021	15	400

		8022	100	400
		8022	100	400
		8022	100	400

		8023	15	400
		8023	15	400
		8023	15	400

		8024	100	400
		8024	100	400
		8024	100	400

		8025	15	400
		8025	15	400
		8025	15	400

		8026	100	400
		8026	100	400
		8026	100	400

		8027	15	400
		8027	15	400
		8027	15	400

		8028	100	400
		8028	100	400
		8028	100	400

		8029	15	400
		8029	15	400
		8029	15	400

		50513	1	400
		50513	1	400
		50513	1	400

		9636	1	400

		9580	1	400

		8032	1	50
		240000	1	50
		240001	1	50
		240002	1	50
		240003	1	50
		240004	1	50
		240005	1	50
		240006	1	50
		240007	1	50
		240008	1	50
		240009	1	50
		240010	1	50
		240011	1	50
		240012	1	50
		240013	1	50
		240014	1	50
		240015	1	50
		240016	1	50
		240017	1	50

		71084	1	400
		71084	1	400
		71084	1	400

		233650	1	400
		233653	1	400
		234650	1	400
		233666	1	400
		233651	1	400
		233652	1	400
		233741	1	400
		233747	1	400
		233780	1	400
		233781	1	400
		233782	1	400
		233748	1	400
		233764	1	400
		233770	1	400
		233755	1	400
		233769	1	400
		233754	1	400
		233776	1	400

		8044	100	400
		8044	100	400
		8044	100	400
		8045	100	400
		8045	100	400
		8045	100	400
		8046	100	400
		8046	100	400
		8046	100	400
		8047	100	400
		8047	100	400
		8047	100	400
		8048	100	400
		8048	100	400
		8048	100	400

		253703	1	50
		253713	1	50
		253733	1	50
		253753	1	50
		9800	1	400
	}
}

Group	Boss_Shadow121
{
	type	drop
	Mob	24382
	List Items
	{
		342011	1	100
		342011	1	50
		342011	1	50
		342011	1	50
	}
}

Group	Boss_Shadow221
{
	type	drop
	Mob	24383
	List Items
	{
		342011	1	100
		342011	1	50
		342011	1	50
		342011	1	50
		342011	1	20
	}
}

Group	Boss_Shadow321
{
	type	drop
	Mob	24384
	List Items
	{
		342011	1	100
		342011	1	100
		342011	1	50
		342011	1	50
		342011	1	50
		342011	1	20
	}
}






Group	Boss_Shadow122
{
	type	drop
	Mob	24482
	List Items
	{
		342011	1	50
		342011	1	50
		342011	1	22
		342011	1	22
	}
}

Group	Boss_Shadow222
{
	type	drop
	Mob	24483
	List Items
	{
		342011	1	50
		342011	1	50
		342011	1	22
		342011	1	22
	}
}

Group	Boss_Shadow322
{
	type	drop
	Mob	24484
	List Items
	{
		342011	1	50
		342011	1	50
		342011	1	22
		342011	1	22
	}
}


Group	Boss_Shadow4BIG2
{
	type	drop
	Mob	28499
	List Items
	{
		342011	5	500
		342011	5	500
		342011	5	500
		342011	3	50
		342011	3	50
		342011	3	50
		342011	3	50
		342011	3	50
		342011	3	50
		342011	3	50
		342011	3	50
		342011	2	33
		342011	2	33
		342011	2	33
		342011	2	33
	}
}






Group	Boss_Shadow52
{
	type	drop
	Mob	24386
	List Items
	{
		342011	1	100
		342011	1	100
		342011	1	100
		342011	1	100
		342011	1	100
		342011	1	50
		342011	1	50
		342011	1	22
		342011	1	22
	}
}

Group	Boss_Shadow62
{
	type	drop
	Mob	24387
	List Items
	{
		342011	1	100
		342011	1	100
		342011	1	100
		342011	1	100
		342011	1	100
		342011	1	100
		342011	1	100
		342011	1	50
		342011	1	50
		342011	1	22
		342011	1	22
	}
}


Group	Boss_Shadow7BIGBOSS2
{
	type	drop
	Mob	24388
	List Items
	{
		342011	5	100
		342011	5	100
		342011	5	100
		342011	5	100
		342011	5	100
		342011	5	100
		342011	5	100
		342011	3	100
		342011	3	100
		342011	3	100
		342011	3	100
		342011	2	100
		342011	5	50
		342011	5	50
		342011	2	50
		342011	2	50
		342011	2	50
		342011	2	50
		342011	2	50
		342011	2	50
		342011	5	22
		342011	5	22
		342011	5	22
		342011	5	22
		342011	5	22
		342011	2	22
		342011	2	22
		342011	2	22
		342011	2	22
		342011	2	22
	}
}

Group	epicvaalhazak
{
	type	drop
	Mob	24389
	List Items
	{
		342011	25	100
		342011	25	100
		342011	25	100
		342011	25	100
		342011	25	100
		342011	25	100
		342011	25	100
		342011	15	100
		342011	15	100
		342011	15	100
		342011	15	100
		342011	10	100
		342011	25	50
		342011	25	50
		342011	10	50
		342011	10	50
		342011	10	50
		342011	10	50
		342011	10	50
		342011	10	50
		342011	25	22
		342011	25	22
		342011	25	22
		342011	25	22
		342011	25	22
		342011	10	22
		342011	10	22
		342011	10	22
		342011	10	22
		342011	10	22
		253700	5	400
		253710	5	400
		253730	5	400
		253750	5	400
	}
}

Group	tempel1
{
	type	drop
	Mob	4154
	List Items
	{
		70064	1	4
		11520	1	0.6
		71107	3	25
		771107	3	25
		500370	1	75
		500470	1	30
		9562	1	400
		9562	1	400
		9562	1	400
		9562	1	400
		9562	1	400
		8030	1	400
		8030	1	400
		8030	1	400
		8030	1	400
		8030	1	400
		9563	1	400
		9563	1	400
		9563	1	400
		9563	1	400
		9563	1	400
		9563	1	400
		8031	1	400
		8031	1	400
		8031	1	400
		8031	1	400
		8031	1	400
		8031	1	400
		70063	1	400
		
		8011	1	400
		8011	1	100
		8011	1	100
		
		8021	1	400
		8021	1	100
		8021	1	100
		
		8013	1	100
		8013	1	100
		
		8023	1	100
		8023	1	100
		
		8015	1	100
		8015	1	100
		
		8025	1	100
		8025	1	100
		
		8017	1	100
		8017	1	100
		
		8027	1	100
		

		8019	1	100
		
		8029	1	100
	}
}


Group	tempel2
{
	type	drop
	Mob	4155
	List Items
	{
		70064	1	4
		11520	1	0.6
		71107	3	25
		771107	3	25
		500370	1	75
		500470	1	30
		9562	1	400
		9562	1	400
		9562	1	400
		9562	1	400
		9562	1	400
		8030	1	400
		8030	1	400
		8030	1	400
		8030	1	400
		8030	1	400
		9563	1	400
		9563	1	400
		9563	1	400
		9563	1	400
		9563	1	400
		9563	1	400
		8031	1	400
		8031	1	400
		8031	1	400
		8031	1	400
		8031	1	400
		8031	1	400
		70063	1	400
		
		8011	1	400
		8011	1	100
		8011	1	100
		
		8021	1	400
		8021	1	100
		8021	1	100
		
		8013	1	100
		8013	1	100
		
		8023	1	100
		8023	1	100
		
		8015	1	100
		8015	1	100
		
		8025	1	100
		8025	1	100
		
		8017	1	100
		8017	1	100
		
		8027	1	100
		

		8019	1	100
		
		8029	1	100
	}
}


Group	tempe3
{
	type	drop
	Mob	4156
	List Items
	{
		70064	1	4
		11520	1	0.6
		71107	3	25
		771107	3	25
		500370	1	75
		500470	1	30
		9562	1	400
		9562	1	400
		9562	1	400
		9562	1	400
		9562	1	400
		8030	1	400
		8030	1	400
		8030	1	400
		8030	1	400
		8030	1	400
		9563	1	400
		9563	1	400
		9563	1	400
		9563	1	400
		9563	1	400
		9563	1	400
		8031	1	400
		8031	1	400
		8031	1	400
		8031	1	400
		8031	1	400
		8031	1	400
		70063	1	400
		
		8011	1	400
		8011	1	100
		8011	1	100
		
		8021	1	400
		8021	1	100
		8021	1	100
		
		8013	1	100
		8013	1	100
		
		8023	1	100
		8023	1	100
		
		8015	1	100
		8015	1	100
		
		8025	1	100
		8025	1	100
		
		8017	1	100
		8017	1	100
		
		8027	1	100
		

		8019	1	100
		
		8029	1	100
	}
}


Group	tempel4
{
	type	drop
	Mob	4157
	List Items
	{
		70064	1	4
		11520	1	0.6
		71107	3	25
		771107	3	25
		500370	1	75
		500470	1	30
		9562	1	400
		9562	1	400
		9562	1	400
		9562	1	400
		9562	1	400
		8030	1	400
		8030	1	400
		8030	1	400
		8030	1	400
		8030	1	400
		9563	1	400
		9563	1	400
		9563	1	400
		9563	1	400
		9563	1	400
		9563	1	400
		8031	1	400
		8031	1	400
		8031	1	400
		8031	1	400
		8031	1	400
		8031	1	400
		70063	1	400
		
		8011	1	400
		8011	1	100
		8011	1	100
		
		8021	1	400
		8021	1	100
		8021	1	100
		
		8013	1	100
		8013	1	100
		
		8023	1	100
		8023	1	100
		
		8015	1	100
		8015	1	100
		
		8025	1	100
		8025	1	100
		
		8017	1	100
		8017	1	100
		
		8027	1	100
		

		8019	1	100
		
		8029	1	100
	}
}


Group	tempel5
{
	type	drop
	Mob	4158
	List Items
	{
		70064	1	4
		11520	1	0.6
		71107	3	25
		771107	3	25
		500370	1	75
		500470	1	30
		9562	1	400
		9562	1	400
		9562	1	400
		9562	1	400
		9562	1	400
		8030	1	400
		8030	1	400
		8030	1	400
		8030	1	400
		8030	1	400
		9563	1	400
		9563	1	400
		9563	1	400
		9563	1	400
		9563	1	400
		9563	1	400
		8031	1	400
		8031	1	400
		8031	1	400
		8031	1	400
		8031	1	400
		8031	1	400
		70063	1	400
		
		8011	1	400
		8011	1	100
		8011	1	100
		
		8021	1	400
		8021	1	100
		8021	1	100
		
		8013	1	100
		8013	1	100
		
		8023	1	100
		8023	1	100
		
		8015	1	100
		8015	1	100
		
		8025	1	100
		8025	1	100
		
		8017	1	100
		8017	1	100
		
		8027	1	100
		

		8019	1	100
		
		8029	1	100
		
		342110	1	1
		342111	1	1
		53277	1	1
		96391	2	400
	}
}

Group	animerun4
{
	type	drop
	Mob	3768
	List Items
	{
		70064	1	4
		11520	1	0.6
		71107	3	25
		771107	3	25
		500370	1	75
		500470	1	30
		9562	1	400
		9562	1	400
		9562	1	400
		9562	1	400
		9562	1	400
		8030	1	400
		8030	1	400
		8030	1	400
		8030	1	400
		8030	1	400
		9563	1	400
		9563	1	400
		9563	1	400
		9563	1	400
		9563	1	400
		9563	1	400
		8031	1	400
		8031	1	400
		8031	1	400
		8031	1	400
		8031	1	400
		8031	1	400
		70063	1	400
		
		8011	1	400
		8011	1	100
		8011	1	100
		
		8021	1	400
		8021	1	100
		8021	1	100
		
		8013	1	100
		8013	1	100
		
		8023	1	100
		8023	1	100
		
		8015	1	100
		8015	1	100
		
		8025	1	100
		8025	1	100
		
		8017	1	100
		8017	1	100
		
		8027	1	100
		

		8019	1	100
		
		8029	1	100
		
		342110	1	1
		342111	1	1
		53277	1	1
		241158	1	400
	}
}

Group	epickulve
{
	type	drop
	Mob	4159
	List Items
	{
		71107	10	400
		771107	10	400
		500370	1	400
		500470	1	400
		9562	234	400

		8030	234	400

		9563	16	400
		9563	16	400

		8031	16	400
		8031	16	400

		70063	10	400
		253700	6	400
		253710	6	400
		253730	6	400
		253750	6	400
		70064	1	400
		
		8011	1	400
		8011	2	100

		
		8021	1	400
		8021	2	100

		
		8013	2	400
		8013	2	100

		
		8023	2	400
		8023	2	100

		
		8015	3	400
		8015	2	100

		
		8025	3	400
		8025	2	100

		
		8017	4	400
		8017	2	100

		
		8027	4	400
		8027	2	100

		
		8019	5	400
		8019	2	100

		
		8029	5	400
		8029	2	100
		
		342112	1	400
		96391	20	400
	}
}

Group	animerunepic4
{
	type	drop
	Mob	37681
	List Items
	{
		71107	10	400
		771107	10	400
		500370	1	400
		500470	1	400
		9562	234	400

		8030	234	400

		9563	16	400
		9563	16	400

		8031	16	400
		8031	16	400

		70063	10	400
		253700	6	400
		253710	6	400
		253730	6	400
		253750	6	400
		70064	1	400
		
		8011	1	400
		8011	2	100

		
		8021	1	400
		8021	2	100

		
		8013	2	400
		8013	2	100

		
		8023	2	400
		8023	2	100

		
		8015	3	400
		8015	2	100

		
		8025	3	400
		8025	2	100

		
		8017	4	400
		8017	2	100

		
		8027	4	400
		8027	2	100

		
		8019	5	400
		8019	2	100

		
		8029	5	400
		8029	2	100
		241158	5	400
	}
}




Group	metin65
{
	type	drop
	Mob	8474
	List Items
	{
		50575	1	2
		500370	1	5
		71107	1	5
		771107	1	5
		9562	1	400
		9562	1	400
		9562	1	400
		9562	1	400
		9562	1	400
		8030	1	400
		8030	1	400
		8030	1	400
		8030	1	400
		8030	1	400
		
		8010	1	400
		8010	1	100
		8010	1	100
		8020	1	400
		8020	1	100
		8020	1	100
		8044	1	400
		8044	1	100
		8044	1	100
		
		8012	1	400
		8012	1	100
		8012	1	100
		8022	1	400
		8022	1	100
		8022	1	100
		8045	1	400
		8045	1	100
		8045	1	100
		
		8014	1	400
		8014	1	100
		8014	1	100
		8024	1	400
		8024	1	100
		8024	1	100
		8046	1	400
		8046	1	100
		8046	1	100
		
		8016	1	400
		8016	1	100
		8016	1	100
		8026	1	400
		8026	1	100
		8026	1	100
		8047	1	400
		8047	1	100
		8047	1	100
		
		8018	1	400
		8018	1	100
		8018	1	100
		8028	1	400
		8028	1	100
		8028	1	100
		8048	1	400
		8048	1	100
		8048	1	100
		50575	1	2
		500370	1	5
		71107	1	5
		771107	1	5
		9562	1	400
		9562	1	400
		9562	1	400
		9562	1	400
		9562	1	400
		8030	1	400
		8030	1	400
		8030	1	400
		8030	1	400
		8030	1	400
		
		8010	1	400
		8010	1	100
		8010	1	100
		8020	1	400
		8020	1	100
		8020	1	100
		8044	1	400
		8044	1	100
		8044	1	100
		
		8012	1	400
		8012	1	100
		8012	1	100
		8022	1	400
		8022	1	100
		8022	1	100
		8045	1	400
		8045	1	100
		8045	1	100
		
		8014	1	400
		8014	1	100
		8014	1	100
		8024	1	400
		8024	1	100
		8024	1	100
		8046	1	400
		8046	1	100
		8046	1	100
		
		8016	1	400
		8016	1	100
		8016	1	100
		8026	1	400
		8026	1	100
		8026	1	100
		8047	1	400
		8047	1	100
		8047	1	100
		
		8018	1	400
		8018	1	100
		8018	1	100
		8028	1	400
		8028	1	100
		8028	1	100
		8048	1	400
		8048	1	100
		8048	1	100
	}
}




Group	metin6525
{
	type	drop
	Mob	8472
	List Items
	{
		50575	1	2
		500370	1	5
		71107	1	5
		771107	1	5
		9562	1	400
		9562	1	400
		9562	1	400
		9562	1	400
		9562	1	400
		8030	1	400
		8030	1	400
		8030	1	400
		8030	1	400
		8030	1	400
		
		8010	1	400
		8010	1	100
		8010	1	100
		8020	1	400
		8020	1	100
		8020	1	100
		8044	1	400
		8044	1	100
		8044	1	100
		
		8012	1	400
		8012	1	100
		8012	1	100
		8022	1	400
		8022	1	100
		8022	1	100
		8045	1	400
		8045	1	100
		8045	1	100
		
		8014	1	400
		8014	1	100
		8014	1	100
		8024	1	400
		8024	1	100
		8024	1	100
		8046	1	400
		8046	1	100
		8046	1	100
		
		8016	1	400
		8016	1	100
		8016	1	100
		8026	1	400
		8026	1	100
		8026	1	100
		8047	1	400
		8047	1	100
		8047	1	100
		
		8018	1	400
		8018	1	100
		8018	1	100
		8028	1	400
		8028	1	100
		8028	1	100
		8048	1	400
		8048	1	100
		8048	1	100
		50575	1	2
		500370	1	5
		71107	1	5
		771107	1	5
		9562	1	400
		9562	1	400
		9562	1	400
		9562	1	400
		9562	1	400
		8030	1	400
		8030	1	400
		8030	1	400
		8030	1	400
		8030	1	400
		
		8010	1	400
		8010	1	100
		8010	1	100
		8020	1	400
		8020	1	100
		8020	1	100
		8044	1	400
		8044	1	100
		8044	1	100
		
		8012	1	400
		8012	1	100
		8012	1	100
		8022	1	400
		8022	1	100
		8022	1	100
		8045	1	400
		8045	1	100
		8045	1	100
		
		8014	1	400
		8014	1	100
		8014	1	100
		8024	1	400
		8024	1	100
		8024	1	100
		8046	1	400
		8046	1	100
		8046	1	100
		
		8016	1	400
		8016	1	100
		8016	1	100
		8026	1	400
		8026	1	100
		8026	1	100
		8047	1	400
		8047	1	100
		8047	1	100
		
		8018	1	400
		8018	1	100
		8018	1	100
		8028	1	400
		8028	1	100
		8028	1	100
		8048	1	400
		8048	1	100
		8048	1	100
	}
}




Group	metin65288
{
	type	drop
	Mob	8475
	List Items
	{
		50575	1	2
		500370	1	5
		71107	1	5
		771107	1	5
		9562	1	400
		9562	1	400
		9562	1	400
		9562	1	400
		9562	1	400
		8030	1	400
		8030	1	400
		8030	1	400
		8030	1	400
		8030	1	400
		
		8010	1	400
		8010	1	100
		8010	1	100
		8020	1	400
		8020	1	100
		8020	1	100
		8044	1	400
		8044	1	100
		8044	1	100
		
		8012	1	400
		8012	1	100
		8012	1	100
		8022	1	400
		8022	1	100
		8022	1	100
		8045	1	400
		8045	1	100
		8045	1	100
		
		8014	1	400
		8014	1	100
		8014	1	100
		8024	1	400
		8024	1	100
		8024	1	100
		8046	1	400
		8046	1	100
		8046	1	100
		
		8016	1	400
		8016	1	100
		8016	1	100
		8026	1	400
		8026	1	100
		8026	1	100
		8047	1	400
		8047	1	100
		8047	1	100
		
		8018	1	400
		8018	1	100
		8018	1	100
		8028	1	400
		8028	1	100
		8028	1	100
		8048	1	400
		8048	1	100
		8048	1	100
		50575	1	2
		500370	1	5
		71107	1	5
		771107	1	5
		9562	1	400
		9562	1	400
		9562	1	400
		9562	1	400
		9562	1	400
		8030	1	400
		8030	1	400
		8030	1	400
		8030	1	400
		8030	1	400
		
		8010	1	400
		8010	1	100
		8010	1	100
		8020	1	400
		8020	1	100
		8020	1	100
		8044	1	400
		8044	1	100
		8044	1	100
		
		8012	1	400
		8012	1	100
		8012	1	100
		8022	1	400
		8022	1	100
		8022	1	100
		8045	1	400
		8045	1	100
		8045	1	100
		
		8014	1	400
		8014	1	100
		8014	1	100
		8024	1	400
		8024	1	100
		8024	1	100
		8046	1	400
		8046	1	100
		8046	1	100
		
		8016	1	400
		8016	1	100
		8016	1	100
		8026	1	400
		8026	1	100
		8026	1	100
		8047	1	400
		8047	1	100
		8047	1	100
		
		8018	1	400
		8018	1	100
		8018	1	100
		8028	1	400
		8028	1	100
		8028	1	100
		8048	1	400
		8048	1	100
		8048	1	100
	}
}

Group	newbossend
{
	type	drop
	Mob	283
	List Items
	{
		70064	1	4
		11520	1	0.6
		71107	3	25
		771107	3	25
		500370	1	75
		500470	1	30
		9562	78	400

		8030	78	400

		9563	8	400
		9563	8	400

		8031	8	400
		8031	8	400

		70063	1	400
		
		8011	1	400
		8011	2	100
		
		8021	1	400
		8021	2	100
		
		8013	2	400
		8013	2	100
		
		8023	2	400
		8023	2	100
		
		8015	3	400
		8015	2	100
		
		8025	3	400
		8025	2	100
		
		8017	4	400
		8017	2	100
		
		8027	4	400
		8027	2	100
		
		8019	5	400
		8019	2	100
		
		8029	5	400
		8029	2	100
	
	
	
		342012	15	400
		
		342013	15	400

		9638	3	400
	}
}

Group	epicrun1233
{
	type	drop
	Mob	2831
	List Items
	{
		71107	10	400
		771107	10	400
		500370	1	400
		500470	1	400
		9562	234	400

		8030	234	400

		9563	16	400
		9563	16	400

		8031	16	400
		8031	16	400
		70063	10	400
		253700	4	400
		253710	4	400
		253730	4	400
		253750	4	400
		70064	1	400
		
		8011	1	400
		8011	2	100

		
		8021	1	400
		8021	2	100

		
		8013	2	400
		8013	2	100

		
		8023	2	400
		8023	2	100

		
		8015	3	400
		8015	2	100

		
		8025	3	400
		8025	2	100

		
		8017	4	400
		8017	2	100

		
		8027	4	400
		8027	2	100

		
		8019	5	400
		8019	2	100

		
		8029	5	400
		8029	2	100

		
		342012	75	400
		342013	75	400

		9638	30	400
		}
}
