Group	cor
{
	Type	Rand
	Vnum	50259
	List Items
	{
		114000	1	1
		124000	1	1
		134000	1	1
		144000	1	1
		154000	1	1
		164000	1	1
	}
}

Group	ISchest1
{
	Type	Pct
	Vnum	253735
	List Items
	{
		8989	1	100
		72809	1	100
		18089	1	100
		8919	1	100
		85002	1	100
		56022	1	100
		55973	1	100
	}
}

Group	oxchest
{
	Type	Pct
	Vnum	91008
	List Items
	{
		91003	1	100
		91004	1	100
		91005	1	100
		91006	1	100
		91007	1	100
	}
}


Group	ISchest2
{
	Type	Pct
	Vnum	253736
	List Items
	{
		8996	1	100
		72816	1	100
		8896	1	100
		56020	1	100
		55969	1	100
	}
}

Group	ISchest3
{
	Type	Pct
	Vnum	253737
	List Items
	{
		9516	1	100
		72826	1	100
		8946	1	100
		55981	1	100
		55937	1	100
	}
}


Group	ISchest4
{
	Type	Pct
	Vnum	253738
	List Items
	{
		9526	1	100
		72836	1	100
		8926	1	100
		55934	1	100
		55976	1	100
	}
}


Group	ISchest5
{
	Type	Pct
	Vnum	253739
	List Items
	{
		9536	1	100
		72846	1	100
		8906	1	100
		55984	1	100
		55978	1	100
	}
}

Group	ISchest6
{
	Type	Pct
	Vnum	253740
	List Items
	{
		9546	1	100
		72856	1	100
		8936	1	100
		55994	1	100
		56050	1	100
	}
}

Group	Truhe1
{
	Vnum	253700
	List Items
	{
		253701	1	90
		253702	1	9
		253703	1	1
	}
}

Group	Truhe1_1
{
	Type	Rand
	Vnum	253701
	List Items
	{
		411109	1	1
		411119	1	1
		411129	1	1
		411139	1	1
		411149	1	1
		411159	1	1
		411169	1	1
		421509	1	1
		421519	1	1
		421529	1	1
		421539	1	1
		421549	1	1
		421559	1	1
		421569	1	1
		411509	1	1
		411519	1	1
		411529	1	1
		411539	1	1
		411549	1	1
		411559	1	1
		411569	1	1
		411709	1	1
		411719	1	1
		411729	1	1
		411739	1	1
		411749	1	1
		411759	1	1
		411769	1	1
		410909	1	1
		410919	1	1
		410929	1	1
		410939	1	1
		410949	1	1
		410959	1	1
		410969	1	1
		42409	1	1
		42419	1	1
		42429	1	1
		42439	1	1
		42449	1	1
		42459	1	1
		42469	1	1
		411609	1	1
		411619	1	1
		411629	1	1
		411639	1	1
		411649	1	1
		411659	1	1
		411669	1	1
		411309	1	1
		411319	1	1
		411329	1	1
		411339	1	1
		411349	1	1
		411359	1	1
		411369	1	1
		40129	1	1
		40130	1	1
		40131	1	1
		40132	1	1
		40133	1	1
		40134	1	1
		40108	1	1
		40109	1	1
		40110	1	1
		40111	1	1
		40112	1	1
		40113	1	1
		48649	1	1
		48659	1	1
		48669	1	1
		48679	1	1
		48689	1	1
		48699	1	1
		48709	1	1
		100019	1	1
		100029	1	1
		10003009	1	1
		10003019	1	1
		10002009	1	1
		10002019	1	1
		10004009	1	1
		10007009	1	1
		10007019	1	1
		100039	1	1
		10003029	1	1
		10002029	1	1
		10001009	1	1
		10001019	1	1
		10005009	1	1
		10007029	1	1
		100049	1	1
		10003039	1	1
		10002039	1	1
		10004019	1	1
		10005009	1	1
		10005019	1	1
		10007039	1	1
		100059	1	1
		10003049	1	1
		10002049	1	1
		10001029	1	1
		10005029	1	1
		10007049	1	1
		100069	1	1
		10003059	1	1
		10002059	1	1
		10004029	1	1
		10007059	1	1
		1000299	1	1
		10003219	1	1
		10002159	1	1
		10001179	1	1
		10005119	1	1
		10007169	1	1
		100079	1	1
		10003069	1	1
		10002069	1	1
		10001039	1	1
		10005039	1	1
		10007069	1	1
		100089	1	1
		10003079	1	1
		10002079	1	1
		10001049	1	1
		10005049	1	1
		10007079	1	1
		100099	1	1
		10003089	1	1
		10002089	1	1
		10001059	1	1
		10005059	1	1
		10007089	1	1
		1000109	1	1
		10003099	1	1
		10002099	1	1
		10001069	1	1
		10007099	1	1
		1000119	1	1
		10003109	1	1
		10002109	1	1
		10001079	1	1
		10005069	1	1
		10007109	1	1
		1000129	1	1
		10003119	1	1
		10002119	1	1
		10001089	1	1
		10005079	1	1
		10007119	1	1
		1000139	1	1
		10003129	1	1
		10002129	1	1
		10001099	1	1
		10005089	1	1
		10007129	1	1
		1000169	1	1
		1000249	1	1
		10003149	1	1
		10002139	1	1
		10001119	1	1
		10005099	1	1
		10007139	1	1
		1000179	1	1
		1000259	1	1
		10003159	1	1
		10002189	1	1
		10001129	1	1
		10007159	1	1
		1000209	1	1
		1000469	1	1
		1000479	1	1
		10001349	1	1
		10002379	1	1
		10005349	1	1
		10007379	1	1
		1000309	1	1
		10003229	1	1
		10002209	1	1
		10001189	1	1
		10005169	1	1
		10007309	1	1
		1000509	1	1
		10003509	1	1
		10002509	1	1
		10001509	1	1
		10005509	1	1
		10007509	1	1
		721579	1	1
		721589	1	1
		721599	1	1
		721609	1	1
		721619	1	1
		721629	1	1
		721639	1	1
	}
}

Group	Truhe1_2
{
	Type	Rand
	Vnum	253702
	List Items
	{
		42709	1	1
		42719	1	1
		42729	1	1
		42739	1	1
		42749	1	1
		42759	1	1
		42769	1	1
		42809	1	1
		42819	1	1
		42839	1	1
		42849	1	1
		42859	1	1
		42869	1	1
		42909	1	1
		42919	1	1
		42939	1	1
		42949	1	1
		42959	1	1
		42969	1	1
		43309	1	1
		43319	1	1
		43329	1	1
		43339	1	1
		43349	1	1
		43359	1	1
		43369	1	1
		43409	1	1
		43419	1	1
		43429	1	1
		43439	1	1
		43449	1	1
		43459	1	1
		43469	1	1
		411209	1	1
		411219	1	1
		411229	1	1
		411239	1	1
		411249	1	1
		411259	1	1
		411269	1	1
		56279	1	1
		56280	1	1
		56281	1	1
		56282	1	1
		56283	1	1
		56284	1	1
		56285	1	1
		56272	1	1
		56273	1	1
		56274	1	1
		56275	1	1
		56276	1	1
		56277	1	1
		56278	1	1
		56265	1	1
		56266	1	1
		56267	1	1
		56268	1	1
		56269	1	1
		56270	1	1
		56271	1	1
		42609	1	1
		42619	1	1
		42629	1	1
		42639	1	1
		42649	1	1
		42659	1	1
		42669	1	1
	}
}

Group	Truhe1_3
{
	Type	Rand
	Vnum	253703
	List Items
	{
		43109	1	1
		43119	1	1
		43129	1	1
		43139	1	1
		43149	1	1
		43159	1	1
		43169	1	1
		43209	1	1
		43219	1	1
		43229	1	1
		43239	1	1
		43249	1	1
		43259	1	1
		43269	1	1
		510509	1	1
		510519	1	1
		510529	1	1
		510539	1	1
		510549	1	1
		510559	1	1
		510569	1	1
		43609	1	1
		43619	1	1
		43629	1	1
		43639	1	1
		43649	1	1
		43659	1	1
		43669	1	1
		48579	1	1
		48589	1	1
		48599	1	1
		48609	1	1
		48619	1	1
		48629	1	1
		48639	1	1
	}
}

Group	Truhe2
{
	Vnum	253710
	List Items
	{
		253711	1	90
		253712	1	9
		253713	1	1
	}
}


Group	Truhe2_1
{
	Type	Rand
	Vnum	253711
	List Items
	{
		41584	1	1
		41585	1	1
		41586	1	1
		41587	1	1
		41117	1	1
		41118	1	1
		41324	1	1
		41325	1	1
		41320	1	1
		41321	1	1
		41496	1	1
		41497	1	1
		41498	1	1
		41499	1	1
		41528	1	1
		41529	1	1
		41530	1	1
		41531	1	1
		41560	1	1
		41561	1	1
		41562	1	1
		41563	1	1
		48359	1	1
		48369	1	1
		48379	1	1
		48389	1	1
		511089	1	1
		511099	1	1
		511109	1	1
		511119	1	1
		511129	1	1
		511139	1	1
		511149	1	1
		511159	1	1
		431009	1	1
		431019	1	1
		431029	1	1
		431039	1	1
		431049	1	1
		431059	1	1
		431069	1	1
		431079	1	1
		6621780	1	1
		6621781	1	1
		6621782	1	1
		6621783	1	1
		41600	1	1
		41601	1	1
		41602	1	1
		41603	1	1
		41678	1	1
		41680	1	1
		41679	1	1
		41681	1	1
		41901	1	1
		41902	1	1
		41903	1	1
		41003	1	1
		41004	1	1
		100011209	1	1
		100011219	1	1
		100011409	1	1
		100011419	1	1
		100011609	1	1
		100011619	1	1
		100011809	1	1
		100011819	1	1
		100011229	1	1
		100011429	1	1
		100011629	1	1
		100011829	1	1
		100011239	1	1
		100011439	1	1
		100011639	1	1
		100011839	1	1
		100011249	1	1
		100011449	1	1
		100011649	1	1
		100011849	1	1
		100011259	1	1
		100011459	1	1
		100011659	1	1
		100011859	1	1
		100011269	1	1
		100011469	1	1
		100011669	1	1
		100011869	1	1
		100011279	1	1
		100011479	1	1
		100011679	1	1
		100011879	1	1
		100011289	1	1
		100011489	1	1
		100011689	1	1
		100011889	1	1
		100012019	1	1
		100012029	1	1
		100012039	1	1
		100012049	1	1
		100019299	1	1
		100019499	1	1
		100019699	1	1
		100019899	1	1
		41315	1	1
		41316	1	1
		44729	1	1
		44739	1	1
		44749	1	1
		44759	1	1
		44689	1	1
		44699	1	1
		44709	1	1
		44719	1	1
		232632	1	1
		232633	1	1
		232634	1	1
		232635	1	1
	}
}


Group	Truhe2_2
{
	Type	Rand
	Vnum	253712
	List Items
	{
		332009	1	1
		332019	1	1
		332029	1	1
		332039	1	1
		44899	1	1
		44909	1	1
		44919	1	1
		44929	1	1
		48399	1	1
		48409	1	1
		48419	1	1
		48429	1	1
		49359	1	1
		49369	1	1
		49379	1	1
		49389	1	1
		431249	1	1
		431259	1	1
		431269	1	1
		431279	1	1
		43809	1	1
		43819	1	1
		43829	1	1
		43839	1	1
		49959	1	1
		49969	1	1
		49979	1	1
		49989	1	1
		43969	1	1
		43979	1	1
		43989	1	1
		43999	1	1
		72867	1	1
		72868	1	1
		72869	1	1
		72870	1	1
		44049	1	1
		44059	1	1
		44069	1	1
		44079	1	1
	}
}

Group	Truhe2_3
{
	Type	Rand
	Vnum	253713
	List Items
	{
		514109	1	1
		514119	1	1
		514129	1	1
		514139	1	1
		515109	1	1
		515119	1	1
		515129	1	1
		515139	1	1
		44009	1	1
		44019	1	1
		44029	1	1
		44039	1	1
		43889	1	1
		43899	1	1
		43909	1	1
		43919	1	1
		44509	1	1
		44519	1	1
		44529	1	1
		44539	1	1
	}
}


Group	Truhe3_1
{
	Vnum	253720
	List Items
	{
		253721	1	90
		253722	1	9
		253723	1	1
	}
}


Group	Truhe3_2
{
	Type	Rand
	Vnum	253721
	List Items
	{
		55910	1	1
		53003	1	1
		53017	1	1
		53007	1	1
		53008	1	1
		53009	1	1
		53010	1	1
		53011	1	1
		53012	1	1
		53014	1	1
		53015	1	1
		53016	1	1
		53222	1	1
		53228	1	1
		53229	1	1
		53232	1	1
		53256	1	1
		53004	1	1
		53005	1	1
		53006	1	1
		53024	1	1
		53025	1	1
		53002	1	1
		53018	1	1
		53019	1	1
		53238	1	1
		53239	1	1
	}
}

Group	Truhe3_3
{
	Type	Rand
	Vnum	253722
	List Items
	{
		56043	1	1
		56058	1	1
		56106	1	1
		56047	1	1
		56105	1	1
		56046	1	1
		55970	1	1
		56103	1	1
		56041	1	1
	}
}

Group	Truhe3_4
{
	Type	Rand
	Vnum	253723
	List Items
	{
		56069	1	1
		56068	1	1
		56066	1	1
		56101	1	1
		56102	1	1
	}
}

Group	Truhe4_1
{
	Vnum	253730
	List Items
	{
		253731	1	90
		253732	1	9
		253733	1	1
	}
}


Group	Truhe4_2
{
	Type	Rand
	Vnum	253731
	List Items
	{
		71125	1	1
		71126	1	1
		71127	1	1
		71128	1	1
		71161	1	1
		71165	1	1
		71166	1	1
		71171	1	1
		71172	1	1
		71176	1	1
		71177	1	1
		71134	1	1
		52120	1	1
		71124	1	1
		71193	1	1
		56292	1	1
		56138	1	1
		71192	1	1
		56000	1	1
		71222	1	1
		71226	1	1
		56153	1	1
		91059	1	1
	}
}

Group	Truhe4_3
{
	Type	Rand
	Vnum	253732
	List Items
	{
		71235	1	1
		71236	1	1
		55987	1	1
		55988	1	1
		56025	1	1
		56024	1	1
		56028	1	1
		55983	1	1
		56031	1	1
		71233	1	1
	}
}

Group	Truhe4_4
{
	Type	Rand
	Vnum	253733
	List Items
	{
		71224	1	1
		71225	1	1
		55570	1	1
		55998	1	1
		71230	1	1
	}
}

Group	Truhe5_1
{
	Vnum	253750
	List Items
	{
		253751	1	90
		253752	1	9
		253753	1	1
	}
}

Group	Truhe5_2
{
	Type	Rand
	Vnum	253751
	List Items
	{
	45003	1	1
	45004	1	1
	45008	1	1
	45010	1	1
	45018	1	1
	45019	1	1
	45020	1	1
	45021	1	1
	45022	1	1
	45023	1	1
	45024	1	1
	45025	1	1
	45026	1	1
	45027	1	1
	45028	1	1
	45029	1	1
	45030	1	1
	45031	1	1
	45032	1	1
	45033	1	1
	45034	1	1
	45075	1	1
	45076	1	1
	45077	1	1
	45078	1	1
	45079	1	1
	45080	1	1
	}
}

Group	Truhe5_3
{
	Type	Rand
	Vnum	253752
	List Items
	{
	45087	1	1
	45088	1	1
	45089	1	1
	45090	1	1
	45091	1	1
	45092	1	1
	45093	1	1
	45094	1	1
	45095	1	1
	45096	1	1
	45164	1	1
	45165	1	1
	45166	1	1
	45174	1	1
	45175	1	1
	45176	1	1
	45177	1	1
	45214	1	1
	45215	1	1
	45216	1	1
	45217	1	1
	45258	1	1
	45259	1	1
	45260	1	1
	45261	1	1
	}
}

Group	Truhe5_4
{
	Type	Rand
	Vnum	253753
	List Items
	{
	45005	1	1
	45006	1	1
	45007	1	1
	45009	1	1
	45053	1	1
	45054	1	1
	45055	1	1
	45056	1	1
	45057	1	1
	45058	1	1
	45061	1	1
	45062	1	1
	45108	1	1
	45110	1	1
	45135	1	1
	45136	1	1
	45139	1	1
	45140	1	1
	45141	1	1
	45142	1	1
	45147	1	1
	45148	1	1
	45151	1	1
	45152	1	1
	45156	1	1
	45157	1	1
	45160	1	1
	45161	1	1
	45171	1	1
	45182	1	1
	45183	1	1
	45184	1	1
	45185	1	1
	45206	1	1
	45207	1	1
	45208	1	1
	45209	1	1
	45234	1	1
	45235	1	1
	45236	1	1
	45237	1	1
	45250	1	1
	45251	1	1
	45252	1	1
	45253	1	1
	45266	1	1
	45267	1	1
	45268	1	1
	45269	1	1
	45274	1	1
	45275	1	1
	45276	1	1
	45277	1	1
	45282	1	1
	45283	1	1
	45284	1	1
	45285	1	1
	45290	1	1
	45291	1	1
	45292	1	1
	45293	1	1
	45314	1	1
	45315	1	1
	45336	1	1
	45337	1	1
	45338	1	1
	45339	1	1
	45356	1	1
	45357	1	1
	45358	1	1
	45359	1	1
	45364	1	1
	45365	1	1
	45366	1	1
	45367	1	1
	74013	1	1
	74015	1	1
	74017	1	1
	74018	1	1
	74019	1	1
	74020	1	1
	}
}

Group	TruhePyradmid
{
	Type	Rand
	Vnum	342110
	List Items
	{
		240125	1	1
		240126	1	1
		240127	1	1
		240128	1	1
		
		240065	1	1
		240066	1	1
		240067	1	1
		240068	1	1
		240069	1	1
		240070	1	1
		240071	1	1
		
		240044	1	1
		240030	1	1
		240187	1	1
		
	}
}

Group	TruhePyradmid2
{
	Type	Rand
	Vnum	342112
	List Items
	{
		342110	1	1
		342111	1	1
		53277	1	1
	}
}

Group	coinchest1
{
	Vnum	254400
	List Items
	{
		9579	10	100
	}
}

Group	coinchest2
{
	Vnum	254401
	List Items
	{
		9579	25	100
	}
}

Group	coinchest3
{
	Vnum	254402
	List Items
	{
		9579	50	100
	}
}

Group	coinchest4
{
	Vnum	254403
	List Items
	{
		9579	100	100
	}
}

Group	coinchest5
{
	Vnum	254404
	List Items
	{
		9579	200	100
	}
}

Group	coinchest6
{
	Vnum	254405
	List Items
	{
		9579	300	100
	}
}

Group	coinchest7
{
	Vnum	254406
	List Items
	{
		9579	400	100
	}
}

Group	moonlightevent1
{
	Vnum	50011
	List Items
	{
		8010	50	30
		8012	50	30
		8014	50	30
		8016	50	30
		8018	50	30
		8020	50	30
		8022	50	30
		8024	50	30
		8026	50	30
		8028	50	30
		8030	50	30
		9562	50	30
		8011	10	30
		8013	10	30
		8015	10	30
		8017	10	30
		8019	10	30
		8021	10	30
		8023	10	30
		8025	10	30
		8027	10	30
		8029	10	30
		8031	10	30
		9563	10	30
		50569	10	15
		50575	10	12
		9636	1	10
		70064	1	10
		50259	50	15
		100300	2	15
		240205	1	10
		240206	1	10
		240207	1	10
		240208	1	10
		240209	1	10
		240210	1	10
		240211	1	10
		240212	1	10
		240213	1	10
		240214	1	10
		240215	1	10
		240216	1	10
		240217	1	10
		240218	1	10
		500111	1	10
	}
}

Group	moonlightsuper
{
	Type	Rand
	Vnum	500111
	List Items
	{
		56016	1	1
		56097	1	1
		56099	1	1
		240201	1	1
		240202	1	1
		240203	1	1
		240204	1	1
		411409	1	1
		411419	1	1
		411429	1	1
		411439	1	1
		411449	1	1
		411459	1	1
		411469	1	1
	}
}

Group	coinchest8
{
	Vnum	254407
	List Items
	{
		9579	500	100
	}
}

Group	coinchest9
{
	Vnum	254408
	List Items
	{
		9579	1000	100
	}
}

Group	coinchest10
{
	Vnum	254409
	List Items
	{
		9579	2000	100
	}
}

Group	coinchest11
{
	Vnum	254410
	List Items
	{
		9631	10	100
	}
}

Group	coinchest12
{
	Vnum	254411
	List Items
	{
		9631	25	100
	}
}

Group	coinchest13
{
	Vnum	254412
	List Items
	{
		9631	50	100
	}
}

Group	coinchest14
{
	Vnum	254413
	List Items
	{
		9631	100	100
	}
}

Group	coinchest15
{
	Vnum	254414
	List Items
	{
		9631	200	100
	}
}

Group	coinchest16
{
	Vnum	254415
	List Items
	{
		9631	300	100
	}
}

Group	coinchest17
{
	Vnum	254416
	List Items
	{
		9631	400	100
	}
}

Group	coinchest18
{
	Vnum	254417
	List Items
	{
		9631	500	100
	}
}

Group	coinchest19
{
	Vnum	254418
	List Items
	{
		9631	1000	100
	}
}

Group	coinchest20
{
	Vnum	254419
	List Items
	{
		9631	2000	100
	}
}

Group	coinchest21
{
	Vnum	254420
	List Items
	{
		9632	10	100
	}
}

Group	coinchest22
{
	Vnum	254421
	List Items
	{
		9632	25	100
	}
}

Group	coinchest23
{
	Vnum	254422
	List Items
	{
		9632	50	100
	}
}

Group	coinchest24
{
	Vnum	254423
	List Items
	{
		9632	100	100
	}
}

Group	coinchest25
{
	Vnum	254424
	List Items
	{
		9632	200	100
	}
}

Group	coinchest26
{
	Vnum	254425
	List Items
	{
		9632	300	100
	}
}

Group	coinchest27
{
	Vnum	254426
	List Items
	{
		9632	400	100
	}
}

Group	coinchest28
{
	Vnum	254427
	List Items
	{
		9632	500	100
	}
}

Group	coinchest29
{
	Vnum	254428
	List Items
	{
		9632	1000	100
	}
}

Group	coinchest30
{
	Vnum	254429
	List Items
	{
		9632	2000	100
	}
}

Group	coinchest31
{
	Vnum	254430
	List Items
	{
		9634	10	100
	}
}

Group	coinchest32
{
	Vnum	254431
	List Items
	{
		9634	25	100
	}
}

Group	coinchest33
{
	Vnum	254432
	List Items
	{
		9634	50	100
	}
}

Group	coinchest34
{
	Vnum	254433
	List Items
	{
		9634	100	100
	}
}

Group	coinchest35
{
	Vnum	254434
	List Items
	{
		9634	200	100
	}
}

Group	coinchest36
{
	Vnum	254435
	List Items
	{
		9634	300	100
	}
}

Group	coinchest37
{
	Vnum	254436
	List Items
	{
		9634	400	100
	}
}

Group	coinchest38
{
	Vnum	254437
	List Items
	{
		9634	500	100
	}
}

Group	coinchest39
{
	Vnum	254438
	List Items
	{
		9634	1000	100
	}
}

Group	coinchest40
{
	Vnum	254439
	List Items
	{
		9634	2000	100
	}
}

Group	coinchest41
{
	Vnum	254440
	List Items
	{
		9633	10	100
	}
}

Group	coinchest42
{
	Vnum	254441
	List Items
	{
		9633	25	100
	}
}

Group	coinchest43
{
	Vnum	254442
	List Items
	{
		9633	50	100
	}
}

Group	coinchest44
{
	Vnum	254443
	List Items
	{
		9633	100	100
	}
}

Group	coinchest45
{
	Vnum	254444
	List Items
	{
		9633	200	100
	}
}

Group	coinchest46
{
	Vnum	254445
	List Items
	{
		9633	300	100
	}
}

Group	coinchest47
{
	Vnum	254446
	List Items
	{
		9633	400	100
	}
}

Group	coinchest48
{
	Vnum	254447
	List Items
	{
		9633	500	100
	}
}

Group	coinchest49
{
	Vnum	254448
	List Items
	{
		9633	1000	100
	}
}

Group	coinchest50
{
	Vnum	254449
	List Items
	{
		9633	2000	100
	}
}

Group	coinchest51
{
	Vnum	254450
	List Items
	{
		9635	10	100
	}
}

Group	coinchest52
{
	Vnum	254451
	List Items
	{
		9635	25	100
	}
}

Group	coinchest53
{
	Vnum	254452
	List Items
	{
		9635	50	100
	}
}

Group	coinchest54
{
	Vnum	254453
	List Items
	{
		9635	100	100
	}
}

Group	coinchest55
{
	Vnum	254454
	List Items
	{
		9635	200	100
	}
}

Group	coinchest56
{
	Vnum	254455
	List Items
	{
		9635	300	100
	}
}

Group	coinchest57
{
	Vnum	254456
	List Items
	{
		9635	400	100
	}
}

Group	coinchest58
{
	Vnum	254457
	List Items
	{
		9635	500	100
	}
}

Group	coinchest59
{
	Vnum	254458
	List Items
	{
		9635	1000	100
	}
}

Group	coinchest60
{
	Vnum	254459
	List Items
	{
		9635	2000	100
	}
}

Group	scroll1
{
	Vnum	51172
	List Items
	{
		mob	719	1
	}
}

Group	scroll2
{
	Vnum	51173
	List Items
	{
		mob	472	1
	}
}

Group	scroll3
{
	Vnum	51174
	List Items
	{
		mob	676	1
	}
}

Group	scroll4
{
	Vnum	51175
	List Items
	{
		mob	880	1
	}
}

Group	scroll5
{
	Vnum	51176
	List Items
	{
		mob	878	1
	}
}

Group	scroll6
{
	Vnum	51177
	List Items
	{
		mob	9263	1
	}
}

Group	scrollmetin1
{
	Vnum	51178
	List Items
	{
		mob	8424	1
	}
}

Group	scrollmetin2
{
	Vnum	51179
	List Items
	{
		mob	8407	1
	}
}

Group	scrollmetin3
{
	Vnum	51180
	List Items
	{
		mob	8421	1
	}
}

Group	scrollmetin4
{
	Vnum	51181
	List Items
	{
		mob	8433	1
	}
}

Group	scrollmetin5
{
	Vnum	51182
	List Items
	{
		mob	8406	1
	}
}

Group	scrollmetin6
{
	Vnum	51183
	List Items
	{
		mob	8302	1
	}
}

Group	scrolleventfish
{
	Vnum	71043
	List Items
	{
		mob	16007	1
	}
}

Group	scrolleventjotum
{
	Vnum	240247
	List Items
	{
		mob	48604	1
	}
}

Group	scrolleventjotum2
{
	Vnum	240248
	List Items
	{
		mob	48605	1
	}
}




Group	coinchest616
{
	Vnum	264450
	List Items
	{
		9638	10	100
	}
}

Group	coinchest626
{
	Vnum	264451
	List Items
	{
		9638	25	100
	}
}

Group	coinchest636
{
	Vnum	264452
	List Items
	{
		9638	50	100
	}
}

Group	coinchest646
{
	Vnum	264453
	List Items
	{
		9638	100	100
	}
}

Group	coinchest656
{
	Vnum	264454
	List Items
	{
		9638	200	100
	}
}

Group	coinchest566
{
	Vnum	264455
	List Items
	{
		9638	300	100
	}
}

Group	coinchest576
{
	Vnum	264456
	List Items
	{
		9638	400	100
	}
}

Group	coinchest586
{
	Vnum	254457
	List Items
	{
		9638	500	100
	}
}

Group	coinchest596
{
	Vnum	264458
	List Items
	{
		9638	1000	100
	}
}

Group	coinchest606
{
	Vnum	264459
	List Items
	{
		9638	2000	100
	}
}
