Group Empires
{
	Id	1
	Name	"WARP_CATEGORY_EMPIRES"
	List Main
	{
		41	48000	73600	0	0
		43	44700	41200	0	0
		1	59700	68200	0	0
		3	46000	63100	0	0
		21	55700	55500	0	0
		23	43100	35200	0	0
		178	15000	15000	0	0
	}
}


Group FarmMaps
{	
	Id	2
	Name	"WARP_CATEGORY_FARMMAPS"
	
	List Shiva
	{
		164	18700	18500	0	0
		164	35800	11700	0	0
		164	56500	27600	0	0
		164	57300	40500	0	0
		164	47900	37100	0	0
		164	17600	60900	0	0
		164	68800	72000	0	0
		164	32400	73600	0	0
	}
	
	List Nature
	{
		220	22900	16500	0	0
		220	71400	29500	0	0
		220	101000	63200	0	0
		220	134700	24500	0	0
		220	141200	67800	0	0
	}
	
	List Beach
	{
		219	37200	30600	0	0
		219	78700	34900	0	0
		219	80700	68400	0	0
		219	64500	76400	0	0
		219	28900	74800	0	0

	}
	
	List Eden
	{
		163	93600	12400	0	0
		163	73600	7900}	0	0
		163	29300	40500	0	0
		163	10500	10200	0	0
		163	43800	16500	0	0
	}
	
	List Terra
	{
		161	40414	70364	0	0
		161	34700	54600	0	0
		161	61300	46000	0	0
		161	56500	83400	0	0
		161	22700	34100	0	0
	}
	
	List Rhaegar
	{
		167	26600	18400	0	0
		167	17600	46600	0	0
		167	79300	53000	0	0
		167	84400	40000	0	0
		167	51300	68400	0	0
	}
	
	
}

Group WorldBoss
{
	Id	3
	Name	"WARP_CATEGORY_WORLDBOSS"

	List Main
	{
		222	3800	22400	0	0
		223	14400	19600	0	0
	}
}


Group PvPMaps
{
	Id	4
	Name	"WARP_CATEGORY_PVPMAPS"

	List Main
	{
		174	15000	 15000	0	0
		160	94060	 66223	0	0
		175	94060	 66223	0	0
	}
}

