1192
1193
1194
1195
2493
2091
1304
992
993
2191
2206
1093
691
2498
1091
1092
1094
1095
1903
6191
6151
765
1765
2591
2597
2598
2092
6051
6091
487
488
1487
1488
2487
2488
889
271
272
273
274
275
276
278
279
280
283
2831
768
7681
1768
17681
2768
27681
3768
37681
3902
3903
718
719
689
469
470
471
472
879
674
675
676
964
870
871
873
880
872
874
876
878
862
863
864
867
868
869
875
8750
8751
8752
8753
949
9263
9430
9431
7191
4721
6761
8801
8781
9264
672
673
4382
4383
4384
4385
4386
4387
4388
4482
4483
4484
4485
4486
4487
4488
14482
14483
14484
14485
14486
14487
14488
24482
24483
24484
24485
24486
24487
24488
14382
14383
14384
14385
14386
14387
14388
24382
24383
24384
24385
24386
24387
24388
24389
4154
4155
4156
4157
4158
4159
2482
2483
2484
2485
2486
277
281
282
2830
2766
2767
3766
3767
3090
3091
30911
3190
3191
3290
3291
3390
3391
33911
3490
3491
3590
3591
3690
36901
3691
3790
3791
37911
3890
3891
55013
55014
55015
55016
55017
55018
55019
55020
55021
55022
4406
4407
4408
207
208
209
220
219
218
55000
55001
55002
9010
